4
1457509979_A_B
A
B
1457509979 1457509979
0
0 12 6
0 0 10 12 0 0 0
0 0 10 12 0 0 0
0 0 10 12 0 0 0
0 0 0 0 0 0 0
0 0 0 0 0 0 0
0 0 0 0 0 0 0
1457509834_A_C
A
C
1457509834 1457509934
0
0 10 11
12 12 10 10 10 12 0
0 12 0 10 12 0 0
0 12 0 10 0 0 0
0 0 0 0 0 0 0
0 0 0 0 0 0 0
0 0 0 0 0 0 0
1458122999_A_G
A
G
1457602979 1457603909
0
0 10 1
12 0 0 0 0 0 0
0 0 0 0 0 0 0
0 0 0 0 0 0 0
0 0 0 0 0 0 0
0 0 0 0 0 0 0
0 0 0 0 0 0 0
1458124613_B_C
B
C
1458124613 1458153153
0
0 12 2
10 0 0 12 0 0 0
0 0 0 0 0 0 0
0 0 0 0 0 0 0
0 0 0 0 0 0 0
0 0 0 0 0 0 0
0 0 0 0 0 0 0
