4
1458122999_A_D
A
G
1457602979 1458122999
0
0 10 1
12 0 0 0 0 0 0
0 0 0 0 0 0 0
0 0 0 0 0 0 0
0 0 0 0 0 0 0
0 0 0 0 0 0 0
0 0 0 0 0 0 0
1457509834_A_C
A
C
1457509834 1462659330
0
0 12 12
12 12 10 10 10 12 0
0 12 10 10 12 0 0
0 12 0 10 0 0 0
0 0 0 0 0 0 0
0 0 0 0 0 0 0
0 0 0 0 0 0 0
1458124613_B_C
B
C
1458124613 1458153153
0
0 12 2
10 0 0 12 0 0 0
0 0 0 0 0 0 0
0 0 0 0 0 0 0
0 0 0 0 0 0 0
0 0 0 0 0 0 0
0 0 0 0 0 0 0
1457509979_A_B
A
B
1457509979 1457509979
0
0 12 6
0 0 10 12 0 0 0
0 0 10 12 0 0 0
0 0 10 12 0 0 0
0 0 0 0 0 0 0
0 0 0 0 0 0 0
0 0 0 0 0 0 0
